01111011111111111111111111111111111
11111111111111111111111111111111111
11111111111111111111111111111111111
11111111111111111111111111111111111
11111111111111111111111111111111111
01111111111111111111111111111111111
11111111111111111111111111111111111
11111111111111111111111111101111111
11111111111111111111111111111111111
11111111111111111111111111111111111
11111111111111111111111111111111111
11111111111111111111111111111111111
11111111111111111111111111111111111
11111111111111111111111111111111111
11111111111111111111111111111111111
11111111111111111111111111111111111
11111111111111111111111111111111111
11111111111111111111111111111111111
11111111111111111011111111111111111
11111111111111111111111111111111111
11111111111111111111111111111111111
11111111111111111111111111111111111
11111111111111111111111111111111111
11111111111111111111111111111111111
11111111111111111111111111111111111
11111111111111111111111111111111111
11111111111111111111111111111111111
11111111111111111111111111111111111
11111101111111111111111111111111111
11111111111111111111111111111111111
11111111111111111111111111111111111
11111111111111111111111111111111111
11111111111111111111111111111111111
11111111111111111111111111111111111
11111111111111111111111111111111110
